{
 "cells": [
  {
   "cell_type": "code",
   "execution_count": 2,
   "metadata": {},
   "outputs": [],
   "source": [
    "import numpy as np\n",
    "from numpy import linalg as LA"
   ]
  },
  {
   "cell_type": "code",
   "execution_count": 3,
   "metadata": {},
   "outputs": [
    {
     "name": "stdout",
     "output_type": "stream",
     "text": [
      "[[ 2. -1.]\n",
      " [-1.  2.]]\n",
      "-1.5707963267948966\n",
      "[[ 2. -0.]\n",
      " [-0.  6.]]\n"
     ]
    }
   ],
   "source": [
    "n = 2\n",
    "A = 2*np.eye(n,n) + -1 * np.eye(n,n,k=-1) + -1 * np.eye(n,n,k=1)\n",
    "\n",
    "print(A)\n",
    "\n",
    "tau = (A[0,0] - A[1,1]) / (2 * A[1,0])\n",
    "tplus = - tau + np.sqrt(1 + tau**2)\n",
    "tminus = -tau - np.sqrt(1 + tau**2)\n",
    "\n",
    "c = 1 / (np.sqrt(1 + tau**2))\n",
    "s = c * tminus\n",
    "\n",
    "theta = np.arcsin(s)\n",
    "\n",
    "print(theta)\n",
    "\n",
    "B = np.zeros((2,2))\n",
    "\n",
    "B[0,0] = A[0,0] * c**2 - 2 * A[0,1] * c * s + A[1,1] * s**2\n",
    "\n",
    "B[1,1] = A[0,0] * c**2  + 2 * A[0,1] * c * s + A[0,0] * s**2\n",
    "\n",
    "B[0,1] = B[1,0] = (A[0,0] - A[1,1]) * c * s + A[0,1] * (c**2 - s**2)\n",
    "\n",
    "print(B)\n",
    "\n"
   ]
  },
  {
   "cell_type": "code",
   "execution_count": 32,
   "metadata": {},
   "outputs": [
    {
     "name": "stdout",
     "output_type": "stream",
     "text": [
      "3\n",
      "1 0\n",
      "0\n",
      "\n",
      "1 0\n",
      "1\n",
      "\n",
      "1 0\n",
      "2\n",
      "\n",
      "[[ 0.70710678  0.70710678  0.        ]\n",
      " [-0.70710678  0.70710678  0.        ]\n",
      " [ 0.          0.          1.        ]]\n",
      "1 0\n",
      "2 0\n",
      "0\n",
      "\n",
      "2 0\n",
      "1\n",
      "\n",
      "2 0\n",
      "2\n",
      "\n",
      "[[ 0.62796303  0.70710678 -0.32505758]\n",
      " [-0.62796303  0.70710678  0.32505758]\n",
      " [ 0.45970084  0.          0.88807383]]\n",
      "2 0\n",
      "2 1\n",
      "0\n",
      "\n",
      "2 1\n",
      "1\n",
      "\n",
      "2 1\n",
      "2\n",
      "\n",
      "[[ 0.62796303  0.43184608 -0.64743447]\n",
      " [-0.62796303  0.77257442 -0.09376135]\n",
      " [ 0.45970084  0.46544358  0.75633155]]\n",
      "2 1\n",
      "1 0\n",
      "0\n",
      "\n",
      "1 0\n",
      "1\n",
      "\n",
      "1 0\n",
      "2\n",
      "\n",
      "[[ 0.58208086  0.4919456  -0.64743447]\n",
      " [-0.70142691  0.70654731 -0.09376135]\n",
      " [ 0.4113176   0.50870465  0.75633155]]\n",
      "1 0\n",
      "2 0\n",
      "0\n",
      "\n",
      "2 0\n",
      "1\n",
      "\n",
      "2 0\n",
      "2\n",
      "\n",
      "[[ 0.49965166  0.4919456  -0.71297808]\n",
      " [-0.70761612  0.70654731 -0.00838557]\n",
      " [ 0.4996275   0.50870465  0.70113618]]\n",
      "2 0\n",
      "2 1\n",
      "0\n",
      "\n",
      "2 1\n",
      "1\n",
      "\n",
      "2 1\n",
      "2\n",
      "\n",
      "[[ 4.99651658e-01  5.00360177e-01 -7.07098235e-01]\n",
      " [-7.07616124e-01  7.06597071e-01 -1.20683864e-05]\n",
      " [ 4.99627503e-01  5.00360142e-01  7.07115327e-01]]\n",
      "2 1\n",
      "1 0\n",
      "0\n",
      "\n",
      "1 0\n",
      "1\n",
      "\n",
      "1 0\n",
      "2\n",
      "\n",
      "[[ 5.00012077e-01  5.00000009e-01 -7.07098235e-01]\n",
      " [-7.07106781e-01  7.07106781e-01 -1.20683864e-05]\n",
      " [ 4.99987923e-01  4.99999991e-01  7.07115327e-01]]\n",
      "1 0\n",
      "2 0\n",
      "0\n",
      "\n",
      "2 0\n",
      "1\n",
      "\n",
      "2 0\n",
      "2\n",
      "\n",
      "[[ 5.00000000e-01  5.00000009e-01 -7.07106775e-01]\n",
      " [-7.07106781e-01  7.07106781e-01  8.70251853e-09]\n",
      " [ 5.00000000e-01  4.99999991e-01  7.07106787e-01]]\n",
      "2 0\n",
      "2 1\n",
      "0\n",
      "\n",
      "2 1\n",
      "1\n",
      "\n",
      "2 1\n",
      "2\n",
      "\n",
      "[[ 5.00000000e-01  4.99999998e-01 -7.07106782e-01]\n",
      " [-7.07106781e-01  7.07106781e-01 -1.83419360e-09]\n",
      " [ 5.00000000e-01  5.00000002e-01  7.07106780e-01]]\n",
      "2 1\n",
      "diagonalized matrix:\n",
      "[[ 3.41421356e+00 -2.97270198e-13  4.42967114e-21]\n",
      " [-2.97270198e-13  5.85786438e-01  0.00000000e+00]\n",
      " [ 4.42967114e-21  0.00000000e+00  2.00000000e+00]]\n",
      "Matrix of eigvectors:\n",
      "[[ 5.00000000e-01  4.99999998e-01 -7.07106782e-01]\n",
      " [-7.07106781e-01  7.07106781e-01 -1.83419360e-09]\n",
      " [ 5.00000000e-01  5.00000002e-01  7.07106780e-01]]\n",
      "\n",
      "own test\n",
      "[ 1.70710678 -2.41421356  1.70710678]\n",
      "[ 1.70710678 -2.41421356  1.70710678]\n",
      "pythons solutions:\n",
      "[3.41421356 2.         0.58578644]\n",
      "[[-5.00000000e-01 -7.07106781e-01  5.00000000e-01]\n",
      " [ 7.07106781e-01  4.05405432e-16  7.07106781e-01]\n",
      " [-5.00000000e-01  7.07106781e-01  5.00000000e-01]]\n",
      "[-1.70710678  2.41421356 -1.70710678]\n",
      "[-1.70710678  2.41421356 -1.70710678]\n"
     ]
    }
   ],
   "source": [
    " \n",
    "def code(n):  \n",
    "    \n",
    "    \n",
    "###########################   funktion for rotationen ###########################\n",
    "    \n",
    "    \n",
    "    def rotation(A,l,k,v): \n",
    "# A er matricen der skal diagonaliseres\n",
    "# l, k er positionerne for rotationsledende og positionerne i A der bliver minimeret\n",
    "# v er en mastrix bestående af basisvektorene\n",
    "        \n",
    "\n",
    "        B = np.copy(A)\n",
    "        \n",
    "        w = np.copy(v)\n",
    "\n",
    "        tau = (A[l,l] - A[k,k]) / (2 * A[k,l])\n",
    "#tau er defineret sådan så vi får en andengradsligning\n",
    "\n",
    "        tplus  = -tau + np.sqrt(1 + tau**2)\n",
    "        tminus = -tau - np.sqrt(1 + tau**2)\n",
    "#Udfra betingelsen at b_kl = 0, får vi en andengradsligning med disse løsninger for t        \n",
    "\n",
    "        if abs(tplus) < abs(tminus):\n",
    "            t = tplus\n",
    "        else:\n",
    "            t = tminus\n",
    "#Vi skal åbenbart altid vælge den mindre t?\n",
    "            \n",
    "        c = 1 / (np.sqrt(1 + t**2))\n",
    "\n",
    "        s = t * c\n",
    "\n",
    "        for j in range(len(v)):\n",
    "            print(k,l)\n",
    "            print(j)\n",
    "            print()\n",
    "            w[j,k] =   c * v[j,k] - s * v[j,l]\n",
    "            w[j,l] =   s * v[j,k] + c * v[j,l]\n",
    "            #print(w[k,j])\n",
    "            #print(w[l,j])\n",
    "            \n",
    "        print(w)\n",
    "#Vi fandt ud af ved testing at, hvis vi bruger rotatione matricen, sker der kun noget med k'te og l'te række i vær emkel søjle\n",
    "            \n",
    "\n",
    "        B[k,k] = A[k,k] * c**2 - 2 * A[k,l] * c * s + A[l,l] * s**2\n",
    "        B[l,l] = A[l,l] * c**2 + 2 * A[k,l] * c * s + A[k,k] * s**2\n",
    "        B[k,l] = B[l,k] = 0\n",
    "# Her sker selve rotationen\n",
    "\n",
    "        for i in range(len(A)):\n",
    "\n",
    "\n",
    "            if i != k and i != l:\n",
    "                #B[i,i] = A[i,i]\n",
    "                B[i,k] = B[k,i] = A[i,k] * c - A[i,l] * s\n",
    "                B[i,l] = B[l,i] = A[i,l] * c + A[i,k] * s\n",
    "#Alle andre led i k,l -række/søjle ændrer også værdi\n",
    "\n",
    "\n",
    "        return B,w\n",
    "\n",
    "\n",
    "\n",
    "\n",
    "\n",
    "\n",
    "\n",
    "\n",
    "\n",
    "\n",
    "\n",
    "    def condition(A,max):\n",
    "#condition som stopper alogrithmen (returner False) ligeså snart den ikke finder nogen værdi som ligger over max\n",
    "\n",
    "\n",
    "        for i in range(len(A)):\n",
    "            for j in range(len(A)):\n",
    "\n",
    "\n",
    "                if i !=j:\n",
    "                    if np.abs(A[i,j]) > max:\n",
    "                        return True\n",
    "\n",
    "        return False\n",
    "\n",
    "\n",
    "\n",
    "\n",
    "\n",
    "\n",
    "#Definere A udfra vores andengradslignings problem, definere v som matrix med enhedsvektorer, definere max:    \n",
    "    A =          2*np.eye(n,n) + -1 * np.eye(n,n,k=-1) + -1 * np.eye(n,n,k=1)\n",
    "    Aunchanged = 2*np.eye(n,n) + -1 * np.eye(n,n,k=-1) + -1 * np.eye(n,n,k=1)\n",
    "    v = np.eye(n,n)\n",
    "    print(len(v))\n",
    "    max = 10**(-10)   \n",
    "    count = 0\n",
    "    max_count = 100\n",
    "    \n",
    "    \n",
    "    \n",
    "    \n",
    "    \n",
    "    while condition(A,max) and count < max_count:    \n",
    "\n",
    "\n",
    "        highestmatrixentry = 0  \n",
    "\n",
    "\n",
    "        for i in range(len(A)):\n",
    "            for j in range(len(A)):\n",
    "\n",
    "                if i != j: \n",
    "\n",
    "                    if np.abs(A[i,j]) > highestmatrixentry:\n",
    "\n",
    "                        highestmatrixentry = np.abs(A[i,j])\n",
    "                        l, k = i, j\n",
    "#Finder positionen af den højeste matrice indgang, med et loop som går igennem alle indgangene og opdaterer den højeste indgangs vœrdi/position\n",
    "\n",
    "        \n",
    "        A,v = rotation(A,l,k,v)\n",
    "        #print(\"===============\")\n",
    "        #print(A)\n",
    "        print(k,l)\n",
    "\n",
    "\n",
    "        count += 1\n",
    "\n",
    "\n",
    "        \n",
    "        \n",
    "        \n",
    "        \n",
    "        \n",
    "        \n",
    "        \n",
    "        \n",
    "\n",
    "    print('diagonalized matrix:')\n",
    "    print(A)\n",
    "    #print('number of rotations =', count)\n",
    "    print('Matrix of eigvectors:')\n",
    "    print(v)\n",
    "    \n",
    "    print()\n",
    "    \n",
    "    #print(np.dot(np.transpose(v),v))\n",
    "    \n",
    "    eigvalues = np.diag(A)\n",
    "    #print(eigvalues)\n",
    "    \n",
    "    a1 = np.dot(Aunchanged,v[:,0]) \n",
    "    a2 = eigvalues[0] * v[:,0]\n",
    "    \n",
    "    print('own test')\n",
    "    print(a1)\n",
    "    print(a2)\n",
    "    \n",
    "    #print(a1,a2)\n",
    "    \n",
    "    print('pythons solutions:')\n",
    "    pythoneigvalues, pythoneigvectors = LA.eig(Aunchanged)\n",
    "    print(pythoneigvalues)\n",
    "    print(pythoneigvectors)\n",
    "    print(np.dot(Aunchanged,pythoneigvectors[:,0]))\n",
    "    print(pythoneigvalues[0] * pythoneigvectors[:,0])\n",
    "    \n",
    "    \n",
    "    \n",
    "code(3)  \n",
    "\n",
    "            \n",
    "            \n",
    "    \n",
    "    \n",
    "\n",
    "\n",
    " \n",
    "            \n",
    "                \n",
    "\n",
    "                \n",
    "                    \n",
    "                    \n",
    "                    \n",
    "                    \n",
    "         \n",
    "\n",
    "    "
   ]
  },
  {
   "cell_type": "code",
   "execution_count": null,
   "metadata": {},
   "outputs": [],
   "source": [
    "A = [[1,4],[1,3]]\n",
    "s = np.max (A)\n",
    "print(s)\n",
    "p = len(A)\n",
    "print(p)"
   ]
  },
  {
   "cell_type": "code",
   "execution_count": null,
   "metadata": {},
   "outputs": [],
   "source": []
  },
  {
   "cell_type": "code",
   "execution_count": null,
   "metadata": {},
   "outputs": [],
   "source": []
  }
 ],
 "metadata": {
  "kernelspec": {
   "display_name": "Python 3",
   "language": "python",
   "name": "python3"
  },
  "language_info": {
   "codemirror_mode": {
    "name": "ipython",
    "version": 3
   },
   "file_extension": ".py",
   "mimetype": "text/x-python",
   "name": "python",
   "nbconvert_exporter": "python",
   "pygments_lexer": "ipython3",
   "version": "3.7.3"
  }
 },
 "nbformat": 4,
 "nbformat_minor": 4
}
